364920855
158494260
333091667
512998163
171866148
169429
152998103
365477284
273210938
273578618
325992068
291616880
495897544
476839254
422370933
8877037
103791923
252704259
189036669
220045105
143625156
95982100
96956201
366982222
421229682
418975873
184697258
278689569
77785606
520130318
446973043
442706461
141753663
243193800
418833713
313619807
243363225
34960901
142226180
516574164
308539519
468218244
271320133
267566148
408186587
156820151
276443186
511978506
409524410
465479855
195152696
16278652
24591040
292108897
383260874
445820722
174213856
31087217
187639377
251999462
14346620
97741509
157835008
156100283
340935305
39797806
469720090
47427616
74758707
75075355
27130869
383298222
6422688
298450998
113993459
414609272
455271149
390436645
389716863
327924645
319045585
47998649
344203297
343636625
340107546
190593260
252586433
514321402
221680477
440225810
229449949
236027097
1096404
387284957
392127376
342031706
427082763
324976551
389459322
501841470
400051906
416590191
348268781
406474590
178170274
462262237
284212947
96570512
315827967
137058900
424495157
98002642
185057549
231827539
441639263
525165091
422420799
157354781
502615579
107230365
60709676
195194617
343257458
61806077
45608660
198513923
403837783
472691423
523490474
256426190
437661979
386671465
136145466
249059845
256275145
314315740
174451171
3617181
410886248
490279139
140676077
298510491
51410866
325733626
530338030
493050125
314027803
415887919
113533996
279772471
523118280
174243668
474967084
329504828
236049745
520575744
528018751
103016613
456396253
514638311
359442803
357187321
364438865
495588269
69376251
83843095
273033098
243827423
87460273
147048432
197235647
228136350
445558923
248646509
16999066
439026042
204825723
331026869
318043046
318359715
73928425
304290416
492603384
12024594
96924329
191782214
532600339
88072165
294798828
452125677
65839565
117370720
272442083
430278427
76088075
341818334
514121522
349121169
48774842
64710884
496169601
246010489
292847235
404857613
494656998
309846297
307012745
162611807
104002251
88184876
480971522
177930672
392475292
436703995
189955266
489399621
91615295
185684694
40600872
386414123
100939456
106440433
503784839
373381539
536718860
43002003
178328963
513969468
392123173
227103805
41809437
351421863
473114291
334656672
219408562
430900374
107632054
526421303
56641266
211634301
77735268
741878
389564973
470210561
437445869
42649329
422739267
529061164
228334019
463340135
378604376
329273476
32909658
345518301
165784104
32757607
388520304
344113067
9856160
243772562
34345958
51665598
58323511
507460245
386322270
277732073
401489704
493954321
267282465
458130971
168717711
345017729
458872849
21411774
278357375
359447803
64061099
164225728
351638057
292395118
90694952
193371518
84797683
123604610
2018908
250581788
156362214
390539209
57823940
166218374
97440860
92169894
217883972
155764367
62759228
67335328
433496440
464248933
24418738
163907990
385508989
193136445
508925720
307510927
214548215
250412184
130087815
278609314
414637912
481725872
34133522
505332861
138226476
118931205
92066560
140245380
369512989
248428770
530784589
427336930
414647145
91354535
519506824
95660206
247118902
45395138
162995530
143744428
509644067
187414268
307652418
358282145
380550710
279707223
128922157
58228014
530119404
259009972
336837329
407886401
203864930
370970851
376348351
342091406
489902052
468414908
482336786
322544131
179972767
476250461
213010146
57749001
30734085
195646055
153409204
277852983
241041193
316404734
421597411
213814345
503818999
192378919
35225575
347498798
472086138
164147728
405726812
465334631
423157697
205693226
336350122
90151716
39793162
175827558
432243118
529695215
107371555
377708989
315368435
287344323
317088535
528378581
345093320
347822620
187153725
498502524
88804689
428194915
278036344
510402100
105138345
244984428
165910104
140363921
55612315
101125332
304511645
461339123
29589052
190798431
130161435
365939170
280950143
169954597
4895818
176322350
162778901
112267373
17160425
478147336
399611692
334248960
469655002
207834102
145200666
119937813
169465711
234005355
11261813
447502051
207536544
116400158
155615568
373446649
256764075
211227879
474571977
24404810
135696088
504161029
215203241
265857523
333229285
496153385
435812120
338125103
135604820
61720111
450392472
152765241
2996532
313133250
487014202
472651531
520967352
95343953
55718433
153562148
329349304
66980242
64193285
14933
183380400
219808853
373461582
440144476
431036729
311162644
464549282
29861906
278452759
142881608
295719429
74811133
102164078
194660638
412936232
237768895
256380745
326457789
390534136
259377278
102720128
340677423
195157898
86816565
436021376
250876327
240378710
228499765
317856569
304571995
228514699
501236965
524380844
65105366
404510526
418546662
376268011
332188897
448408568
117849859
475070506
207257082
192660992
40363669
401917721
68726309
278132564
121427555
395184098
131795790
380804829
497904227
472473209
39091812
47849877
371623671
289968139
288228587
63252525
70953793
55929671
291767224
35319848
43439605
356872591
439830374
461986263
196269691
235148357
373523921
314119550
173347948
43910088
506780538
213711617
445827809
38635932
491844178
30384450
433820030
86769053
411189279
394853342
22371351
450281088
442703220
393995022
203378312
194060896
457247548
274332106
249990568
212143857
309651950
293430169
32145537
212611409
218545521
228415224
447759766
55198527
5663859
84236799
99108616
512444397
297948413
8065510
14209418
252921680
38449956
448029445
339690733
449639236
306011876
362062084
363049409
211844185
219186192
29556810
405905082
139562825
303888916
119024735
351706682
76669951
412454900
383852220
289281361
94129506
75396533
200170212
149328030
81060393
284407008
248436646
56633875
45484510
256502152
70843290
298406186
294952109
518872735
101226008
207720430
288013700
463288088
33898928
499857882
145603365
63455738
368892049
285166190
367344651
487916780
100001962
444014602
363500769
483854182
196425048
457630275
22379800
396595257
70087390
103440189
144131354
318524036
160074061
189615864
38155274
230917351
488022050
333107383
212919175
52377143
3956898
500932871
515665227
37855826
463919838
124397682
101311560
295940976
409563872
468656211
246986845
509565834
375799899
73616699
456549101
35354032
531246971
478928898
431949289
64463450
45498172
39209728
382987483
205572233
228825592
421142757
436489584
179976727
217379225
112537844
232353866
221336123
76599801
211148179
259191949
3648728
335545861
360503505
299589701
208238818
292288802
9705631
180933738
131217786
83322331
100611924
166571818
77698387
42669907
61650193
142161837
88168080
100859921
525149320
293740313
329685510
409421162
193358983
509662237
89929472
305896827
205145189
311265595
382496624
416293368
33586629
386145353
214968314
394090135
148864143
423207132
149508026
158569774
67269955
280725812
241892101
167881880
447297626
319590488
210551787
508947819
461752326
298719867
72936830
450030731
55589266
402622340
322580979
248948249
375413662
412510451
17974161
43687936
186905132
400470786
459981300
220491761
249745224
138078703
77710985
398609363
24414921
227219007
20308222
91684876
507944819
262200324
259566756
418371531
44919901
470118544
390448439
506672223
231967496
463385265
419832040
287556762
329136690
205542104
536505007
167679438
81181640
17608254
211367374
268086772
418079040
134477760
488578534
130953349
272556463
29418604
529562712
296971384
256637612
13000023
388656257
227711516
275200347
111352102
109212136
320120245
44599731
499660572
289921553
276567224
426174926
172882682
27253071
218440702
378424782
26887168
386120140
459606423
44495422
60616599
190822284
462574458
195094359
142529907
56656896
467650819
171948508
49348697
227751288
428586120
62348716
79536634
119426721
337549064
190888733
228638854
120798394
235488464
191428515
410719947
512055684
80732526
46731715
2437845
299173228
425156497
29325009
148422453
347892009
73820427
209039049
1843383
536394885
404133408
144373286
56180866
334913316
316321794
105529563
25793690
208036999
167878279
105330324
327463721
505427339
296219057
19231664
89354822
531707518
210660175
500074770
506892291
291392701
9935574
509330136
53695015
435092071
1784230
202117464
246113166
75604657
411156513
247956545
75128631
278419007
392329831
131309497
76461408
171780711
236839056
102255098
379817710
404717332
207585423
170410516
373273760
503804480
189642176
462628579
498641087
400302351
425832434
468662464
154824138
435768008
441121685
208519149
333989164
442905916
410636613
43231415
518510573
284922216
291187960
56768290
26470308
146646877
188077783
102931716
318427588
424916836
205186815
161374383
292763257
412772238
331784900
129166102
379705803
521427076
54923766
341475976
384858517
480756200
273267529
2811740
379653293
177518299
211330889
176771543
620424215
621967502
1293744780
602063874
1980631536
2121803652
1732573982
2007101844
657837796
846909939
2110033561
976265380
1271826775
704607643
1137639763
1027719121
1117379877
2006295574
1693756131
1497085680
917109914
1748679897
1838561656
765097516
618823365
1038087359
1304780167
998476658
1215605659
2052981967
638377286
762288048
1601207643
1395251156
827481011
897484621
832700249
1486313167
757102821
953667134
1796352196
1793394556
856190688
920695327
1424260373
1456959540
874672623
2004769339
778900556
1494686928
817500461
1159139559
559012266
2119191206
1387366164
640964720
1009794922
544662687
565699553
1151658755
1523902828
667205928
1377075892
977626827
988715258
1130815078
801369622
1284544596
2080257334
1021601533
1164469904
1192254971
1741254263
1483789681
1039208473
1018030993
793265578
840139270
1949058506
1035295223
1797955287
619075323
1120692956
1820096642
1664524704
1971188209
1387319537
1600577800
1442109070
879277264
604752911
818528254
1009612281
908086977
722413255
924585714
1502031144
986911967
1672259399
897933920
